# Created by Octave 6.4.0, Tue Jan 11 22:22:23 2022 EST
# name: a
# type: matrix
# rows: 3
# columns: 2
 1 2
 3 4
 5 6


